$SPEC_ID:
HFNG Beamline
$SPEC_REM:
DET# 2
DETDESC# EasyMCA
AP# Maestro Version 7.01
$DATE_MEA:
01/11/2019 15:38:51
$MEAS_TIM:
239378 240369
$DATA:
0 8191
       0
       0
       0
       0
       0
       0
       0
       0
       0
       0
       0
       2
       0
       8
      11
      18
      17
      19
      20
       6
      10
       5
      10
       8
      10
       8
       4
       7
       4
       6
       3
       3
       3
       3
       0
       1
       3
       3
       3
       1
       0
       3
       1
       2
      18
     136
      79
    3670
   32042
   15224
   13865
   16744
   20459
   25348
   29267
   32042
   31241
   29762
   27476
   25515
   24710
   24142
   23772
   23735
   23653
   23594
   23678
   23392
   23572
   22828
   22908
   22558
   22398
   22230
   22171
   21646
   21654
   21335
   21038
   21144
   20879
   20515
   20212
   19956
   20088
   20066
   19967
   19658
   19922
   19564
   19375
   19414
   19029
   18720
   19055
   18571
   18397
   18436
   18259
   18091
   18199
   17977
   17735
   17818
   17623
   17283
   17166
   17069
   16837
   16644
   16587
   16696
   16505
   16387
   16153
   16177
   16017
   15969
   15735
   15871
   15612
   15515
   15570
   15423
   15836
   15368
   15580
   15318
   15116
   15283
   14974
   15024
   15130
   15205
   14958
   14866
   15016
   15033
   14846
   14842
   14631
   14415
   14677
   14616
   14413
   14503
   14632
   14309
   14161
   14068
   14394
   14437
   14240
   14188
   14012
   14095
   14046
   14036
   14128
   14206
   14116
   13949
   13918
   13635
   13868
   13621
   13774
   13594
   13598
   13374
   13412
   13529
   13549
   13605
   13316
   13472
   13401
   13355
   13428
   13575
   13714
   13588
   13670
   13627
   13445
   13414
   13530
   13242
   13385
   13216
   13052
   13143
   13084
   13058
   13024
   13063
   12963
   12950
   13041
   13041
   13185
   13442
   13990
   15077
   16173
   17444
   18649
   19262
   19340
   18337
   15886
   13916
   12569
   12088
   12134
   11760
   12122
   11843
   11913
   11943
   11905
   11912
   12156
   12004
   11910
   11963
   11981
   11825
   11860
   11999
   12305
   12678
   13214
   14581
   15953
   17549
   17315
   15917
   14112
   13220
   12878
   13146
   13310
   12769
   12297
   11773
   11552
   11492
   11630
   11664
   11678
   11833
   12385
   12224
   12224
   12257
   12271
   12256
   12312
   12391
   12365
   12360
   12458
   12350
   12464
   12252
   12424
   12414
   12507
   12602
   12572
   12843
   12820
   13551
   14347
   15271
   15545
   15121
   13944
   13053
   13068
   12905
   12835
   12984
   13086
   12956
   13201
   13328
   13544
   13536
   13508
   13753
   13995
   14055
   14398
   14260
   15078
   15139
   15640
   15793
   16403
   16905
   17947
   19528
   23206
   32588
   51239
   80728
  111003
  125640
  111229
   74684
   41218
   23245
   16111
   13441
   11963
   11451
   11202
   11128
   11061
   10894
   11037
   11154
   11423
   11173
   11368
   11399
   11267
   11572
   11219
   11398
   11312
   11277
   11229
   11205
   11249
   11379
   11238
   11238
   11137
   11423
   11343
   11219
   11349
   11427
   11402
   11424
   11425
   11487
   11177
   11593
   11381
   11534
   11419
   11383
   11643
   11552
   11701
   11751
   11553
   11639
   11672
   11686
   11816
   11765
   11797
   11815
   12012
   12010
   12055
   12425
   12612
   13184
   14249
   15866
   18485
   20770
   21647
   20136
   17532
   15081
   14202
   13890
   14624
   16571
   20052
   25340
   30147
   32218
   30125
   24152
   18686
   15232
   13644
   13659
   13682
   14202
   15073
   16201
   16956
   17034
   15964
   14557
   13835
   13691
   13641
   13897
   14508
   15486
   17324
   20191
   23812
   26533
   27583
   28284
   33400
   50280
   81001
  120070
  150690
  151093
  117065
   69738
   36526
   20871
   14843
   12632
   11449
   11199
   10788
   10445
   10388
   10451
   11096
   11515
   12773
   14337
   15911
   17129
   17624
   17043
   15629
   13728
   11813
   10894
   10457
   10523
   10581
   10748
   11429
   12218
   13104
   13422
   13429
   12428
   11373
   10406
   10122
    9637
    9400
    9620
    9332
    9482
    9616
    9632
    9794
    9945
    9714
    9400
    9460
    9303
    9182
    9265
    9311
    9171
    9310
    9368
    9459
    9351
    9470
    9458
    9479
    9377
    9297
    9540
    9213
    9202
    9351
    9058
    9236
    9278
    9114
    9165
    9115
    9290
    9328
    9217
    9165
    9150
    9277
    9204
    9146
    9166
    9194
    9340
    9222
    9363
    9379
    9223
    9202
    9454
    9389
    9489
    9426
    9510
    9338
    9494
    9365
    9394
    9533
    9467
    9374
    9238
    9445
    9362
    9412
    9502
    9488
    9303
    9433
    9653
    9496
    9468
    9648
    9808
    9480
    9729
    9596
    9663
    9533
    9707
    9582
    9759
    9533
    9770
    9831
    9796
    9790
    9850
    9722
    9761
    9769
    9604
    9848
    9843
    9789
   10036
    9806
   10012
    9989
    9841
    9975
    9934
    9900
    9963
    9894
   10193
    9955
    9945
   10145
   10071
   10040
   10038
   10113
   10125
   10116
   10102
   10130
   10096
   10285
   10121
   10304
   10144
   10299
   10284
   10044
   10274
   10171
   10152
   10134
   10279
   10295
   10396
   10387
   10614
   10476
   10732
   10477
   10633
   10865
   10281
   10553
   10469
   10607
   10710
   10600
   10439
   10578
   10530
   10595
   10539
   10683
   10628
   10718
   10799
   10852
   11058
   10983
   11070
   11133
   11441
   11707
   12394
   13213
   13910
   15965
   21167
   32718
   55883
   90927
  130079
  156085
  151491
  115806
   71140
   38589
   21856
   15132
   12594
   10978
   10034
    9459
    9151
    8963
    9106
    8979
    8917
    8468
    8538
    8241
    8321
    8244
    8304
    8242
    8331
    8113
    8331
    8284
    8242
    8123
    8222
    8286
    8353
    8203
    8337
    8294
    8302
    8287
    8123
    8294
    8291
    8131
    8264
    8167
    8225
    8304
    8264
    8411
    8449
    8423
    8336
    8286
    8335
    8205
    8344
    8294
    8285
    8260
    8280
    8305
    8156
    8266
    8198
    8530
    8255
    8285
    8378
    8120
    8109
    8285
    8369
    8326
    8433
    8427
    8309
    8443
    8327
    8255
    8246
    8454
    8463
    8548
    8331
    8468
    8377
    8365
    8532
    8418
    8431
    8497
    8434
    8475
    8506
    8465
    8513
    8646
    8717
    8791
    8665
    8530
    8640
    8610
    8443
    8601
    8609
    8541
    8462
    8560
    8545
    8435
    8514
    8510
    8555
    8669
    8827
    8751
    8768
    8858
    8661
    8622
    8521
    8706
    8399
    8619
    8612
    8607
    8710
    8556
    8556
    8663
    8739
    8728
    8699
    8918
    8898
    8854
    8903
    8890
    9232
    9210
    9138
    9043
    9177
    9070
    9009
    9171
    9100
    9166
    9178
    9093
    9008
    9178
    9074
    9123
    9256
    9107
    9147
    8969
    9154
    9125
    9075
    9082
    9124
    9170
    9282
    9055
    9052
    9151
    8994
    9046
    8991
    9017
    9001
    8905
    8975
    8956
    8930
    8943
    8899
    9057
    8987
    8895
    8910
    8868
    8884
    8774
    8896
    8914
    8903
    8821
    8808
    8797
    8745
    8680
    8848
    8818
    8779
    8867
    9033
    9303
   10064
   10711
   11243
   11688
   11256
   10256
    9643
    9079
    8831
    8628
    8677
    8531
    8640
    8524
    8471
    8504
    8610
    8747
    8629
    8471
    8499
    8409
    8455
    8294
    8448
    8532
    8386
    8436
    8497
    8351
    8347
    8264
    8204
    8283
    8264
    8516
    8302
    8253
    8327
    8373
    8195
    8266
    7960
    8147
    8241
    8177
    8219
    8207
    8140
    8406
    8187
    8170
    8034
    8255
    8228
    8309
    8174
    8281
    8090
    8085
    8163
    8135
    8106
    8188
    8002
    7897
    8135
    7958
    8217
    8080
    8159
    8089
    8237
    7974
    8061
    8051
    7966
    7933
    8224
    8179
    8140
    8019
    7955
    8127
    8203
    8034
    8195
    8156
    8281
    8014
    8184
    7968
    8214
    8223
    8042
    8177
    8149
    8056
    7932
    8143
    8060
    8127
    8281
    8063
    8123
    8263
    8265
    8207
    7992
    8223
    8204
    8149
    8227
    8070
    8234
    8234
    8303
    8175
    8148
    8092
    8140
    8372
    8338
    8271
    8408
    8313
    8340
    8767
    8506
    8771
    8924
    9231
    9668
    9496
    9616
    9391
    9068
    8757
    8577
    8500
    8395
    8331
    8637
    8620
    8633
    8316
    8367
    8456
    8446
    8314
    8597
    8472
    8393
    8424
    8417
    8323
    8205
    8513
    8448
    8398
    8389
    8510
    8355
    8355
    8337
    8432
    8279
    8330
    8178
    8421
    8352
    8507
    8334
    8413
    8201
    8414
    8348
    8361
    8258
    8429
    8098
    8192
    8436
    8339
    8234
    8168
    8164
    8141
    8121
    8117
    8089
    8329
    8206
    8008
    8104
    8076
    8098
    8007
    7998
    7999
    8144
    7998
    8050
    8093
    7866
    8007
    7820
    7854
    7806
    7915
    7994
    7800
    7860
    8011
    7860
    7854
    7783
    7768
    7771
    7778
    7629
    7821
    7706
    7668
    7647
    7872
    7737
    7593
    7818
    7700
    7614
    7529
    7748
    7725
    7607
    7676
    7834
    7549
    7665
    7352
    7536
    7322
    7397
    7557
    7400
    7369
    7341
    7318
    7273
    7375
    7302
    7192
    7285
    7164
    7192
    7170
    7151
    7111
    7051
    7164
    6997
    7083
    7190
    7172
    7217
    7099
    7110
    7168
    7076
    7113
    7280
    7151
    7186
    7167
    7130
    7072
    6967
    7118
    7007
    6989
    6811
    6931
    6969
    7182
    6979
    6901
    7022
    6857
    6970
    6905
    6938
    7036
    6941
    6959
    7014
    6844
    6988
    6961
    6898
    7073
    6877
    6709
    6789
    6922
    6648
    6861
    6673
    6658
    6788
    6730
    6667
    6695
    6703
    6785
    6679
    6587
    6599
    6729
    6634
    6616
    6715
    6670
    6598
    6670
    6899
    7251
    7560
    7729
    8010
    7774
    7505
    7076
    6816
    6599
    6614
    6446
    6348
    6555
    6503
    6549
    6350
    6417
    6366
    6326
    6464
    6240
    6287
    6377
    6295
    6250
    6120
    6354
    6376
    6236
    6335
    6287
    6258
    6307
    6255
    6211
    6115
    6260
    6065
    6232
    6049
    6105
    6126
    6101
    5995
    6090
    6162
    6129
    6096
    5889
    6179
    5966
    6034
    6073
    5887
    5953
    6087
    6061
    5901
    5989
    5897
    6007
    5820
    6021
    5963
    5914
    5912
    6040
    5884
    5985
    6014
    6003
    5962
    6082
    6058
    5934
    6055
    6111
    6487
    7007
    8223
    9733
   11717
   13462
   14347
   13578
   11718
    9575
    7797
    6677
    6247
    6052
    5988
    6014
    6184
    6351
    6462
    6367
    6274
    6025
    5899
    5815
    5660
    5774
    5823
    5776
    5861
    6077
    6453
    6962
    7965
    9697
   12815
   17528
   21815
   25375
   25405
   22160
   17457
   12393
    8895
    6929
    6043
    5685
    5338
    5435
    5299
    5301
    5375
    5402
    5192
    5400
    5299
    5367
    5481
    5250
    5276
    5354
    5173
    5201
    5220
    5303
    5339
    5094
    5244
    5190
    5113
    5224
    5069
    5226
    5253
    5435
    5265
    5412
    5332
    5288
    5199
    5125
    5119
    5152
    5021
    4941
    5046
    4931
    5005
    5031
    5055
    5210
    5049
    4967
    5017
    5082
    5022
    5032
    5012
    5080
    4977
    5065
    4887
    4908
    4942
    4996
    4909
    4966
    5002
    4996
    4931
    4964
    4937
    4872
    4906
    4975
    4913
    4933
    4966
    4905
    4839
    4850
    4862
    4938
    4822
    4880
    4812
    4740
    4767
    4887
    4917
    4827
    4858
    4917
    4861
    4871
    4798
    4854
    4964
    4743
    4824
    4800
    4900
    4803
    4688
    4785
    4820
    4769
    4713
    4848
    4710
    4814
    4815
    4714
    4666
    4753
    4633
    4717
    4817
    4791
    4743
    4810
    4770
    4855
    4706
    4819
    4783
    4755
    4681
    4732
    4832
    4818
    4763
    4905
    4868
    4812
    4929
    4859
    4871
    4770
    4876
    4943
    4810
    4682
    4662
    4652
    4669
    4741
    4610
    4702
    4592
    4811
    4782
    4820
    4930
    4979
    5196
    5676
    6216
    7462
    9484
   12702
   16195
   19361
   21041
   19906
   16818
   12904
    9470
    7335
    5849
    5174
    4926
    4711
    4687
    4480
    4670
    4525
    4463
    4469
    4569
    4458
    4387
    4621
    4392
    4445
    4469
    4533
    4535
    4634
    4518
    4591
    4484
    4570
    4463
    4399
    4528
    4405
    4496
    4549
    4343
    4426
    4302
    4498
    4459
    4515
    4357
    4490
    4483
    4433
    4491
    4402
    4424
    4361
    4587
    4478
    4439
    4526
    4476
    4376
    4426
    4510
    4535
    4539
    4531
    4346
    4400
    4474
    4473
    4396
    4354
    4350
    4412
    4467
    4373
    4407
    4375
    4386
    4358
    4282
    4267
    4348
    4429
    4449
    4327
    4311
    4373
    4297
    4427
    4398
    4361
    4358
    4421
    4363
    4385
    4241
    4367
    4502
    4331
    4406
    4518
    4541
    4735
    4977
    5069
    5144
    5256
    4950
    4771
    4758
    4452
    4387
    4333
    4306
    4324
    4205
    4280
    4275
    4284
    4449
    4416
    4429
    4471
    4530
    4537
    4814
    4871
    4937
    5049
    5002
    4861
    5158
    5114
    5570
    6204
    7327
    9573
   13675
   19933
   27967
   34738
   39413
   39629
   33936
   25814
   17280
   11148
    7569
    5477
    4713
    4323
    4161
    4083
    4223
    4020
    4134
    3998
    4024
    4107
    4056
    4013
    4068
    4083
    3944
    4074
    4019
    3957
    4090
    3997
    4157
    4144
    4244
    4211
    4284
    4139
    4190
    4128
    4133
    4157
    4030
    4156
    4239
    4089
    4082
    4047
    3937
    4059
    3970
    3965
    3988
    4179
    4040
    4024
    4002
    3946
    4030
    4017
    3928
    4007
    3944
    3882
    3923
    4053
    4018
    3997
    4085
    4033
    4089
    4014
    4011
    3913
    3964
    3972
    3916
    3986
    3921
    3885
    3958
    4040
    4071
    3996
    3958
    3995
    3843
    3871
    4069
    3843
    3944
    3993
    4057
    3913
    3997
    3862
    3943
    3986
    3870
    4075
    3964
    3945
    3868
    3946
    3867
    4051
    4054
    3875
    3897
    3841
    4018
    3956
    3978
    3903
    3874
    3990
    4000
    4088
    3932
    4083
    3993
    3962
    3930
    3909
    3961
    3990
    3928
    3856
    3871
    3858
    3858
    3799
    3986
    3967
    3911
    3956
    3936
    4050
    4101
    4088
    3994
    4108
    4073
    4165
    4128
    3985
    4025
    3896
    3993
    3874
    4037
    3902
    3980
    3939
    3900
    4023
    3836
    3828
    3845
    4028
    3946
    3955
    3856
    3895
    3880
    3853
    3899
    3940
    3920
    3726
    3784
    3927
    3908
    3931
    3866
    3893
    3946
    3879
    3862
    3758
    3897
    3897
    3883
    3839
    3963
    3991
    3918
    3889
    3907
    3820
    3945
    3844
    3939
    3918
    3908
    3911
    3925
    3947
    3853
    4074
    3919
    3987
    3985
    4070
    4203
    4169
    4241
    4319
    4508
    4600
    5029
    5442
    6328
    8022
   10888
   15938
   23000
   31651
   40202
   45167
   45250
   39478
   30563
   20993
   13268
    8556
    5826
    4749
    4099
    3786
    3653
    3762
    3533
    3546
    3663
    3609
    3607
    3603
    3569
    3559
    3558
    3554
    3593
    3584
    3503
    3504
    3613
    3619
    3751
    3675
    3711
    3744
    3858
    3960
    3925
    3964
    4008
    3985
    3905
    3898
    4003
    3782
    3918
    3882
    3917
    4051
    4170
    4429
    4771
    5185
    5495
    6363
    7651
    9689
   13857
   21026
   32090
   48376
   67903
   85500
   96710
   95938
   82462
   62423
   40865
   24133
   13722
    7962
    5294
    4072
    3494
    3175
    3175
    3152
    3076
    3060
    3059
    3009
    3011
    2982
    3025
    2937
    3011
    2961
    3015
    3103
    3043
    2967
    2951
    3101
    3107
    3123
    3288
    3329
    3444
    3503
    3565
    3554
    3532
    3229
    3248
    3176
    3116
    3095
    2938
    2964
    3024
    2932
    2995
    3057
    2874
    2933
    3030
    3078
    3141
    3107
    3162
    3421
    3481
    3760
    4081
    4190
    4152
    3900
    3844
    3430
    3258
    3200
    3106
    3046
    3000
    2931
    2947
    2932
    2906
    2920
    2939
    3010
    3009
    2977
    2954
    2935
    3007
    2962
    2928
    3010
    2934
    2971
    2963
    2931
    2928
    3060
    3015
    3102
    2902
    2960
    2975
    2968
    2962
    2995
    2955
    3018
    2962
    3024
    2830
    2930
    2930
    2888
    2919
    2975
    3022
    2925
    3052
    2982
    2969
    2938
    2982
    2982
    2845
    2957
    2917
    2942
    3001
    3050
    2949
    3044
    2993
    2936
    3020
    2966
    3080
    3126
    3070
    3141
    3202
    3273
    3292
    3570
    4094
    4831
    6013
    7887
   10307
   12520
   14530
   14842
   13911
   12137
    9119
    6816
    4994
    3977
    3429
    3228
    3062
    3038
    2994
    2968
    2990
    2955
    2894
    2814
    2864
    2900
    2959
    3019
    2935
    2904
    2811
    2915
    2919
    2899
    2880
    3018
    2900
    2875
    2938
    2840
    2955
    2926
    2959
    2972
    2861
    3041
    2935
    2904
    2898
    2916
    2930
    2885
    2849
    2893
    2914
    2911
    2757
    2862
    2935
    2872
    2908
    2920
    2887
    2929
    2937
    2950
    2856
    2869
    3009
    2887
    2885
    2922
    2979
    2828
    2867
    2941
    2847
    2881
    2833
    2838
    2973
    2900
    2870
    2909
    2860
    2913
    2957
    2929
    2897
    2892
    2821
    2905
    2845
    2881
    2988
    2846
    2910
    2959
    2907
    2919
    2877
    3044
    2854
    2837
    2849
    2917
    2868
    2985
    2819
    2957
    2958
    2962
    2931
    2972
    2902
    2951
    2848
    2838
    2903
    3039
    2964
    2866
    2922
    2934
    2858
    2905
    2920
    2918
    2805
    2885
    2895
    2886
    2949
    2864
    2846
    2962
    2986
    3041
    2852
    2975
    3030
    3069
    3295
    3515
    3869
    4223
    4731
    5252
    5434
    5628
    5150
    4756
    4084
    3578
    3214
    3090
    3024
    2960
    2970
    2973
    2958
    2993
    2905
    3022
    2887
    2898
    2862
    2940
    2957
    2818
    2930
    3057
    3071
    2899
    2977
    3087
    2950
    2923
    2905
    2900
    2952
    2876
    2972
    2940
    2945
    2803
    2961
    3015
    2986
    2952
    2853
    3032
    3065
    2918
    3013
    2917
    2995
    2921
    2889
    2833
    2925
    2911
    2913
    2871
    2877
    2968
    3064
    2995
    2979
    3044
    2850
    2987
    2963
    2923
    2936
    2921
    2963
    2965
    2880
    2975
    2950
    2980
    2933
    2928
    2864
    2932
    2817
    2918
    2909
    2930
    2982
    2962
    2929
    3080
    2896
    2972
    2930
    3003
    2955
    3051
    3066
    2873
    3042
    2860
    2917
    3011
    2938
    2903
    2940
    2993
    2949
    2906
    3019
    2947
    2988
    2969
    3004
    3050
    2973
    3032
    3056
    2960
    2992
    2909
    3039
    3104
    3058
    2962
    2993
    3097
    2948
    2908
    2984
    3069
    3024
    2934
    3064
    2944
    2936
    2954
    3057
    2964
    2994
    2994
    2927
    3078
    2987
    3109
    3076
    3030
    2970
    3046
    2947
    3036
    3004
    3010
    3147
    3066
    3155
    3080
    3029
    3032
    3108
    3108
    3100
    3005
    3112
    3114
    3156
    3308
    3149
    3332
    3441
    3567
    3889
    4477
    5141
    5765
    6178
    6264
    6061
    5739
    4950
    4259
    3765
    3392
    3188
    3148
    3058
    3037
    3074
    3094
    3087
    3025
    3099
    3064
    3139
    3126
    3092
    3020
    3025
    3039
    3080
    3126
    3160
    3150
    2982
    3076
    3151
    3065
    3129
    3050
    3131
    3124
    3078
    3114
    3190
    3083
    3158
    3115
    3116
    3078
    3183
    3174
    3191
    3131
    3098
    3142
    3159
    3230
    3049
    2999
    3009
    3135
    3095
    3117
    3128
    3110
    3060
    3223
    3082
    3020
    3145
    3167
    3215
    3097
    3155
    3130
    2994
    3186
    3092
    3173
    3144
    3172
    3102
    3108
    3156
    3142
    3131
    3150
    3056
    3209
    3129
    3172
    3203
    3147
    3223
    3130
    3186
    3100
    3077
    3206
    3166
    3121
    3280
    3198
    3238
    3082
    3269
    3122
    3144
    3219
    3247
    3223
    3146
    3171
    3157
    3173
    3170
    3173
    3151
    3153
    3173
    3139
    3135
    3249
    3106
    3241
    3146
    3150
    3130
    3129
    3150
    3067
    3123
    3173
    3215
    3258
    3103
    3065
    3176
    3268
    3102
    3065
    3154
    3146
    3237
    3207
    3159
    3164
    3052
    3190
    3162
    3040
    3098
    3069
    3109
    3134
    3136
    3057
    3115
    3057
    3052
    3086
    3013
    3031
    3062
    2987
    3087
    3005
    2972
    2911
    2888
    2942
    2960
    2931
    2927
    2922
    2950
    2876
    2890
    2865
    2765
    2767
    2777
    2675
    2772
    2772
    2748
    2625
    2718
    2612
    2630
    2608
    2609
    2578
    2497
    2615
    2628
    2607
    2511
    2478
    2410
    2560
    2518
    2477
    2568
    2537
    2514
    2487
    2464
    2387
    2553
    2434
    2422
    2371
    2471
    2452
    2378
    2332
    2386
    2354
    2391
    2464
    2354
    2325
    2370
    2408
    2401
    2390
    2322
    2356
    2383
    2397
    2339
    2438
    2354
    2488
    2568
    2694
    2678
    2633
    2577
    2499
    2602
    2416
    2363
    2289
    2272
    2351
    2256
    2316
    2217
    2320
    2276
    2258
    2268
    2193
    2243
    2284
    2205
    2187
    2272
    2266
    2300
    2284
    2354
    2288
    2277
    2295
    2229
    2227
    2181
    2277
    2286
    2315
    2224
    2175
    2184
    2143
    2129
    2212
    2190
    2140
    2200
    2292
    2152
    2135
    2112
    2194
    2115
    2206
    2213
    2236
    2164
    2175
    2094
    2202
    2214
    2092
    2157
    2227
    2100
    2183
    2148
    2084
    2172
    2203
    2188
    2110
    2182
    2176
    2152
    2212
    2240
    2200
    2313
    2277
    2261
    2216
    2252
    2197
    2194
    2142
    2123
    2130
    2090
    2133
    2094
    2127
    2058
    2079
    2113
    2158
    2146
    2100
    2120
    2066
    2125
    2119
    2107
    2126
    2170
    2128
    2098
    2074
    2185
    2177
    2312
    2283
    2331
    2465
    2509
    2676
    2866
    2840
    2813
    2780
    2718
    2696
    2538
    2370
    2259
    2184
    2257
    2137
    2133
    2096
    2114
    2038
    1990
    2051
    2105
    2024
    2088
    1973
    2092
    2015
    2051
    1996
    1987
    2029
    2084
    2089
    2040
    1979
    1912
    2050
    1956
    2048
    1973
    2044
    2014
    2000
    1993
    2040
    2005
    1936
    2054
    1999
    2029
    1989
    1956
    2035
    1972
    2074
    1935
    2068
    2002
    1933
    1985
    1895
    1989
    1991
    1984
    1959
    1904
    1970
    1907
    1956
    1923
    1861
    1935
    1880
    1952
    1894
    1963
    1939
    1945
    1908
    1939
    1885
    2004
    1920
    1999
    1924
    1983
    1970
    1958
    1943
    1945
    1939
    2003
    1937
    1952
    1921
    1899
    1926
    1926
    1913
    1900
    1876
    1875
    1935
    1854
    1907
    1858
    1906
    1861
    1904
    1926
    1883
    1915
    1868
    1868
    1854
    1899
    1852
    1863
    1872
    1847
    1942
    1871
    1832
    1834
    1905
    1890
    1950
    1801
    1950
    1881
    1940
    1903
    1831
    1810
    1852
    1861
    1814
    1916
    1822
    1843
    1881
    1903
    1867
    1808
    1858
    1780
    1862
    1813
    1875
    1762
    1892
    1825
    1833
    1766
    1722
    1877
    1796
    1804
    1880
    1806
    1772
    1752
    1772
    1802
    1866
    1814
    1754
    1862
    1785
    1805
    1822
    1805
    1807
    1764
    1816
    1773
    1810
    1814
    1834
    1790
    1828
    1789
    1784
    1753
    1844
    1758
    1798
    1879
    1827
    1861
    1735
    1751
    1881
    1771
    1775
    1773
    1791
    1784
    1759
    1782
    1789
    1766
    1814
    1805
    1749
    1725
    1818
    1789
    1862
    1802
    1776
    1805
    1728
    1745
    1743
    1811
    1788
    1757
    1741
    1745
    1685
    1795
    1819
    1749
    1736
    1750
    1778
    1771
    1764
    1725
    1730
    1839
    1798
    1737
    1703
    1785
    1752
    1777
    1756
    1732
    1793
    1759
    1689
    1716
    1841
    1739
    1750
    1759
    1726
    1755
    1784
    1675
    1757
    1751
    1712
    1765
    1732
    1722
    1702
    1695
    1654
    1748
    1756
    1666
    1702
    1754
    1766
    1643
    1744
    1697
    1789
    1710
    1825
    1750
    1844
    1865
    1840
    1932
    1975
    2047
    2079
    2154
    2011
    2015
    1954
    1899
    1882
    1789
    1809
    1759
    1833
    1803
    1842
    1845
    1843
    1823
    1760
    1818
    1708
    1780
    1742
    1716
    1751
    1663
    1644
    1625
    1710
    1672
    1770
    1666
    1613
    1748
    1632
    1759
    1655
    1724
    1643
    1690
    1689
    1652
    1750
    1705
    1719
    1679
    1750
    1765
    1680
    1679
    1699
    1731
    1660
    1666
    1693
    1772
    1777
    1694
    1724
    1698
    1694
    1645
    1650
    1674
    1713
    1664
    1636
    1647
    1611
    1717
    1672
    1728
    1749
    1700
    1665
    1662
    1741
    1675
    1680
    1705
    1668
    1735
    1729
    1772
    1681
    1716
    1708
    1669
    1752
    1771
    1656
    1775
    1731
    1760
    1779
    1860
    2057
    2156
    2235
    2557
    2699
    3064
    3232
    3223
    3080
    2778
    2471
    2253
    1982
    2000
    1774
    1745
    1697
    1759
    1713
    1794
    1872
    1886
    1984
    1971
    1887
    1925
    1854
    1758
    1695
    1669
    1642
    1593
    1624
    1674
    1593
    1642
    1688
    1579
    1588
    1610
    1578
    1590
    1622
    1634
    1659
    1635
    1599
    1689
    1606
    1659
    1556
    1667
    1662
    1665
    1596
    1518
    1594
    1558
    1631
    1621
    1603
    1570
    1633
    1578
    1503
    1565
    1591
    1668
    1569
    1549
    1593
    1678
    1661
    1596
    1603
    1598
    1582
    1629
    1559
    1544
    1563
    1577
    1507
    1531
    1602
    1618
    1607
    1575
    1600
    1563
    1599
    1539
    1519
    1590
    1620
    1506
    1581
    1578
    1531
    1559
    1524
    1542
    1598
    1464
    1550
    1597
    1533
    1513
    1567
    1628
    1562
    1581
    1535
    1465
    1614
    1611
    1555
    1567
    1485
    1521
    1563
    1537
    1519
    1551
    1640
    1524
    1542
    1525
    1587
    1636
    1490
    1527
    1607
    1588
    1591
    1589
    1628
    1644
    1636
    1607
    1585
    1676
    1616
    1600
    1631
    1664
    1525
    1580
    1577
    1618
    1570
    1604
    1591
    1549
    1554
    1541
    1508
    1554
    1502
    1511
    1553
    1553
    1497
    1586
    1521
    1658
    1532
    1546
    1601
    1516
    1519
    1547
    1589
    1535
    1531
    1474
    1551
    1522
    1575
    1531
    1558
    1581
    1525
    1471
    1462
    1597
    1538
    1517
    1428
    1503
    1465
    1545
    1462
    1544
    1525
    1488
    1453
    1519
    1568
    1517
    1536
    1565
    1557
    1532
    1481
    1551
    1554
    1498
    1599
    1482
    1422
    1495
    1493
    1431
    1554
    1535
    1515
    1515
    1526
    1520
    1508
    1531
    1525
    1486
    1508
    1498
    1507
    1473
    1477
    1535
    1437
    1538
    1498
    1459
    1521
    1462
    1458
    1457
    1504
    1555
    1490
    1496
    1531
    1474
    1519
    1511
    1522
    1477
    1528
    1409
    1468
    1586
    1451
    1464
    1436
    1502
    1409
    1437
    1459
    1464
    1539
    1485
    1495
    1539
    1469
    1479
    1501
    1515
    1421
    1482
    1476
    1492
    1443
    1429
    1500
    1524
    1509
    1508
    1481
    1524
    1542
    1497
    1437
    1475
    1476
    1425
    1476
    1515
    1529
    1472
    1544
    1497
    1504
    1478
    1440
    1512
    1510
    1500
    1537
    1512
    1422
    1479
    1446
    1479
    1499
    1476
    1568
    1497
    1432
    1488
    1446
    1519
    1585
    1511
    1482
    1482
    1461
    1501
    1445
    1477
    1493
    1556
    1518
    1459
    1499
    1549
    1426
    1527
    1405
    1507
    1431
    1543
    1471
    1476
    1512
    1515
    1506
    1501
    1446
    1456
    1509
    1475
    1530
    1565
    1489
    1493
    1453
    1506
    1500
    1490
    1504
    1434
    1494
    1451
    1527
    1545
    1530
    1431
    1526
    1443
    1381
    1524
    1501
    1458
    1551
    1545
    1454
    1487
    1585
    1565
    1518
    1541
    1539
    1523
    1543
    1557
    1587
    1526
    1546
    1550
    1596
    1573
    1623
    1680
    1617
    1689
    1767
    1756
    1795
    1771
    1927
    1892
    1986
    1963
    2036
    2078
    2084
    2176
    2288
    2396
    2758
    3191
    3735
    4510
    5825
    7505
   10352
   14442
   20340
   28288
   37616
   48162
   57986
   63996
   66702
   63517
   55894
   44646
   32863
   22627
   14283
    8440
    5118
    3214
    2080
    1663
    1447
    1351
    1276
    1299
    1274
    1255
    1245
    1202
    1216
    1179
    1170
    1181
    1129
    1242
    1170
    1154
    1196
    1207
    1230
    1178
    1183
    1131
    1217
    1177
    1153
    1228
    1163
    1182
    1166
    1229
    1202
    1138
    1173
    1137
    1163
    1140
    1229
    1254
    1181
    1170
    1250
    1205
    1204
    1231
    1228
    1239
    1249
    1266
    1362
    1350
    1408
    1547
    1557
    1679
    1700
    1692
    1661
    1713
    1576
    1529
    1415
    1317
    1243
    1188
    1216
    1159
    1190
    1202
    1133
    1249
    1242
    1352
    1327
    1365
    1337
    1446
    1417
    1413
    1347
    1372
    1262
    1249
    1273
    1191
    1163
    1142
    1238
    1140
    1204
    1175
    1136
    1172
    1167
    1162
    1198
    1177
    1192
    1149
    1155
    1132
    1199
    1163
    1194
    1204
    1237
    1115
    1179
    1216
    1146
    1178
    1206
    1175
    1192
    1139
    1211
    1195
    1215
    1171
    1255
    1304
    1220
    1306
    1259
    1326
    1377
    1502
    1571
    1652
    1610
    1644
    1595
    1515
    1359
    1368
    1249
    1233
    1209
    1220
    1187
    1205
    1156
    1111
    1134
    1193
    1212
    1247
    1168
    1158
    1224
    1107
    1189
    1137
    1183
    1207
    1172
    1146
    1126
    1151
    1106
    1127
    1129
    1152
    1191
    1221
    1126
    1166
    1165
    1242
    1120
    1138
    1139
    1173
    1119
    1145
    1225
    1198
    1159
    1159
    1252
    1177
    1149
    1171
    1179
    1172
    1147
    1187
    1171
    1145
    1114
    1166
    1146
    1124
    1183
    1151
    1151
    1153
    1100
    1203
    1238
    1165
    1198
    1200
    1123
    1279
    1166
    1135
    1175
    1146
    1168
    1127
    1179
    1173
    1157
    1117
    1201
    1164
    1085
    1224
    1131
    1161
    1160
    1190
    1169
    1120
    1137
    1181
    1173
    1181
    1164
    1180
    1226
    1140
    1200
    1157
    1142
    1197
    1130
    1139
    1174
    1181
    1151
    1120
    1181
    1152
    1122
    1100
    1228
    1196
    1193
    1175
    1142
    1198
    1173
    1233
    1177
    1228
    1206
    1236
    1178
    1210
    1250
    1178
    1182
    1189
    1174
    1126
    1146
    1205
    1148
    1184
    1182
    1175
    1129
    1127
    1124
    1226
    1198
    1165
    1201
    1196
    1159
    1166
    1255
    1251
    1305
    1296
    1308
    1351
    1366
    1282
    1279
    1279
    1230
    1168
    1214
    1161
    1195
    1210
    1184
    1137
    1221
    1188
    1240
    1162
    1252
    1263
    1284
    1188
    1207
    1216
    1232
    1202
    1234
    1182
    1201
    1156
    1196
    1181
    1222
    1157
    1145
    1198
    1218
    1224
    1329
    1298
    1390
    1379
    1395
    1365
    1394
    1300
    1296
    1291
    1249
    1214
    1227
    1185
    1101
    1194
    1086
    1167
    1132
    1151
    1162
    1135
    1111
    1188
    1161
    1223
    1175
    1122
    1137
    1230
    1157
    1149
    1117
    1226
    1179
    1135
    1165
    1161
    1167
    1230
    1201
    1207
    1170
    1197
    1157
    1105
    1172
    1194
    1190
    1198
    1184
    1195
    1150
    1055
    1133
    1142
    1191
    1229
    1107
    1177
    1216
    1112
    1139
    1178
    1175
    1154
    1204
    1189
    1202
    1213
    1201
    1200
    1168
    1137
    1211
    1182
    1228
    1172
    1202
    1217
    1213
    1225
    1151
    1152
    1149
    1149
    1221
    1213
    1189
    1180
    1178
    1189
    1224
    1138
    1147
    1133
    1186
    1168
    1199
    1177
    1197
    1179
    1176
    1187
    1146
    1162
    1216
    1179
    1235
    1156
    1230
    1112
    1130
    1129
    1131
    1224
    1132
    1162
    1165
    1186
    1170
    1149
    1198
    1169
    1228
    1127
    1188
    1177
    1199
    1162
    1172
    1153
    1153
    1213
    1159
    1130
    1162
    1149
    1173
    1159
    1204
    1207
    1213
    1162
    1143
    1166
    1121
    1134
    1210
    1163
    1151
    1155
    1129
    1153
    1206
    1190
    1285
    1219
    1215
    1204
    1192
    1182
    1178
    1152
    1146
    1175
    1133
    1184
    1142
    1172
    1159
    1160
    1192
    1197
    1113
    1165
    1133
    1223
    1156
    1119
    1135
    1175
    1123
    1142
    1142
    1114
    1181
    1173
    1201
    1173
    1160
    1219
    1140
    1203
    1176
    1170
    1223
    1232
    1252
    1231
    1229
    1223
    1129
    1204
    1225
    1143
    1164
    1148
    1153
    1159
    1101
    1159
    1170
    1179
    1157
    1133
    1177
    1148
    1111
    1227
    1168
    1242
    1167
    1160
    1146
    1178
    1141
    1156
    1115
    1152
    1144
    1081
    1140
    1115
    1128
    1197
    1185
    1130
    1148
    1118
    1072
    1188
    1124
    1158
    1140
    1165
    1097
    1173
    1148
    1198
    1141
    1134
    1151
    1171
    1182
    1186
    1288
    1164
    1304
    1310
    1353
    1457
    1581
    1673
    1891
    2305
    2815
    3383
    4150
    4971
    5585
    6312
    6891
    6879
    6421
    5505
    4735
    3787
    2956
    2281
    1825
    1517
    1281
    1133
    1085
    1084
    1104
    1086
    1107
    1133
    1062
    1054
    1095
    1135
    1072
    1041
    1089
    1091
    1110
    1112
    1126
    1012
    1071
    1122
    1152
    1107
    1188
    1142
    1074
    1210
    1144
    1127
    1174
    1175
    1109
    1138
    1148
    1059
    1055
    1132
    1115
    1119
    1133
    1110
    1046
    1071
    1102
    1090
    1076
    1094
    1123
    1103
    1138
    1099
    1111
    1079
    1074
    1055
    1044
    1133
    1097
    1076
    1092
    1064
    1074
    1069
    1082
    1136
    1088
    1202
    1140
    1143
    1167
    1103
    1075
    1169
    1127
    1158
    1085
    1085
    1070
    1091
    1147
    1072
    1133
    1081
    1127
    1066
    1052
    1075
    1084
    1105
    1014
    1113
    1125
    1155
    1052
    1126
    1122
    1153
    1099
    1066
    1137
    1110
    1085
    1114
    1091
    1093
    1064
    1094
    1106
    1100
    1114
    1091
    1118
    1049
    1117
    1088
    1124
    1093
    1082
    1035
    1058
    1121
    1070
    1042
    1084
    1108
    1087
    1093
    1075
    1108
    1126
    1028
    1183
    1090
    1064
    1093
    1060
    1061
    1070
    1073
    1082
    1089
    1099
    1133
    1049
    1059
    1102
    1138
    1160
    1117
    1173
    1125
    1254
    1206
    1267
    1205
    1249
    1151
    1099
    1153
    1100
    1157
    1081
    1112
    1060
    1134
    1071
    1130
    1130
    1090
    1077
    1095
    1105
    1113
    1111
    1061
    1059
    1135
    1100
    1117
    1138
    1086
    1080
    1079
    1071
    1111
    1106
    1124
    1097
    1120
    1143
    1109
    1049
    1153
    1113
    1087
    1075
    1069
    1185
    1140
    1088
    1093
    1109
    1159
    1139
    1086
    1185
    1108
    1195
    1110
    1192
    1160
    1207
    1178
    1147
    1114
    1166
    1123
    1094
    1160
    1140
    1147
    1031
    1118
    1121
    1142
    1045
    1061
    1051
    1097
    1120
    1129
    1138
    1080
    1129
    1084
    1144
    1109
    1058
    1151
    1111
    1092
    1090
    1085
    1086
    1140
    1115
    1110
    1132
    1114
    1077
    1135
    1104
    1132
    1077
    1136
    1103
    1113
    1152
    1103
    1105
    1085
    1146
    1107
    1100
    1187
    1123
    1111
    1131
    1126
    1107
    1060
    1086
    1090
    1116
    1073
    1084
    1158
    1123
    1132
    1073
    1149
    1091
    1075
    1092
    1096
    1150
    1125
    1115
    1112
    1134
    1099
    1094
    1099
    1206
    1106
    1102
    1123
    1116
    1141
    1157
    1193
    1125
    1114
    1121
    1113
    1161
    1121
    1200
    1150
    1086
    1148
    1133
    1220
    1183
    1198
    1216
    1197
    1165
    1190
    1149
    1169
    1146
    1167
    1092
    1164
    1093
    1156
    1145
    1114
    1100
    1151
    1151
    1137
    1192
    1091
    1132
    1129
    1105
    1197
    1064
    1123
    1160
    1132
    1142
    1158
    1170
    1153
    1131
    1060
    1170
    1111
    1153
    1078
    1152
    1223
    1107
    1154
    1123
    1157
    1060
    1186
    1113
    1151
    1181
    1145
    1166
    1142
    1160
    1154
    1162
    1189
    1156
    1137
    1181
    1188
    1184
    1142
    1138
    1154
    1121
    1159
    1148
    1131
    1179
    1157
    1176
    1189
    1182
    1164
    1172
    1141
    1132
    1157
    1098
    1182
    1222
    1249
    1152
    1155
    1126
    1192
    1163
    1231
    1191
    1204
    1194
    1286
    1271
    1215
    1171
    1294
    1269
    1290
    1270
    1255
    1208
    1309
    1310
    1276
    1288
    1284
    1282
    1204
    1176
    1173
    1187
    1209
    1153
    1205
    1220
    1167
    1154
    1153
    1176
    1269
    1194
    1286
    1274
    1401
    1357
    1404
    1534
    1609
    1861
    1996
    2197
    2416
    2633
    2782
    2924
    2707
    2462
    2249
    2062
    1781
    1565
    1390
    1303
    1206
    1217
    1138
    1198
    1172
    1197
    1144
    1177
    1159
    1180
    1108
    1228
    1161
    1181
    1185
    1274
    1187
    1245
    1263
    1230
    1263
    1167
    1148
    1190
    1216
    1258
    1228
    1193
    1163
    1135
    1240
    1180
    1155
    1206
    1242
    1173
    1237
    1184
    1170
    1242
    1222
    1206
    1162
    1181
    1208
    1188
    1116
    1272
    1198
    1207
    1220
    1214
    1217
    1173
    1213
    1157
    1239
    1160
    1110
    1159
    1167
    1143
    1147
    1216
    1163
    1204
    1165
    1175
    1226
    1138
    1225
    1165
    1124
    1244
    1168
    1219
    1151
    1194
    1213
    1150
    1208
    1227
    1180
    1141
    1151
    1167
    1172
    1158
    1228
    1137
    1177
    1209
    1148
    1201
    1235
    1170
    1182
    1166
    1187
    1214
    1177
    1207
    1187
    1237
    1212
    1207
    1171
    1224
    1180
    1214
    1180
    1143
    1208
    1181
    1183
    1188
    1228
    1273
    1163
    1169
    1138
    1163
    1230
    1110
    1108
    1160
    1148
    1220
    1196
    1202
    1184
    1169
    1138
    1261
    1275
    1161
    1245
    1151
    1257
    1191
    1292
    1227
    1202
    1230
    1245
    1174
    1275
    1270
    1155
    1179
    1188
    1292
    1194
    1196
    1200
    1177
    1273
    1179
    1182
    1204
    1237
    1235
    1239
    1224
    1247
    1181
    1221
    1274
    1252
    1323
    1176
    1244
    1174
    1204
    1201
    1202
    1170
    1155
    1178
    1209
    1212
    1165
    1257
    1143
    1203
    1169
    1229
    1174
    1120
    1144
    1195
    1202
    1190
    1167
    1073
    1166
    1270
    1157
    1225
    1229
    1177
    1209
    1188
    1163
    1171
    1217
    1152
    1174
    1191
    1188
    1177
    1208
    1130
    1247
    1178
    1206
    1249
    1132
    1197
    1258
    1201
    1282
    1232
    1219
    1207
    1148
    1188
    1147
    1195
    1109
    1216
    1157
    1222
    1212
    1236
    1187
    1217
    1167
    1196
    1214
    1176
    1280
    1125
    1198
    1169
    1154
    1231
    1241
    1229
    1188
    1222
    1224
    1214
    1189
    1229
    1297
    1272
    1308
    1294
    1327
    1326
    1347
    1349
    1274
    1267
    1340
    1262
    1240
    1200
    1229
    1192
    1184
    1170
    1216
    1211
    1184
    1178
    1148
    1182
    1187
    1205
    1227
    1195
    1175
    1232
    1211
    1239
    1212
    1276
    1217
    1225
    1191
    1254
    1271
    1282
    1344
    1311
    1312
    1335
    1255
    1288
    1233
    1278
    1202
    1182
    1206
    1243
    1231
    1164
    1237
    1187
    1274
    1208
    1273
    1236
    1275
    1289
    1230
    1187
    1246
    1277
    1304
    1220
    1198
    1244
    1239
    1270
    1233
    1230
    1222
    1212
    1290
    1236
    1248
    1236
    1298
    1225
    1257
    1293
    1181
    1255
    1150
    1196
    1188
    1253
    1219
    1231
    1233
    1241
    1240
    1273
    1243
    1275
    1214
    1300
    1285
    1192
    1249
    1272
    1239
    1229
    1218
    1272
    1268
    1273
    1239
    1236
    1226
    1229
    1273
    1238
    1281
    1193
    1282
    1176
    1283
    1155
    1318
    1144
    1242
    1248
    1272
    1259
    1224
    1182
    1320
    1244
    1199
    1292
    1303
    1237
    1219
    1256
    1228
    1237
    1265
    1299
    1206
    1257
    1191
    1246
    1195
    1239
    1326
    1235
    1264
    1274
    1280
    1256
    1241
    1264
    1238
    1258
    1315
    1223
    1220
    1189
    1302
    1247
    1265
    1255
    1276
    1269
    1244
    1316
    1339
    1277
    1216
    1186
    1280
    1241
    1354
    1257
    1264
    1217
    1251
    1236
    1308
    1302
    1231
    1277
    1274
    1263
    1273
    1232
    1228
    1329
    1296
    1216
    1270
    1286
    1246
    1279
    1230
    1327
    1259
    1258
    1291
    1256
    1261
    1231
    1251
    1270
    1257
    1252
    1211
    1226
    1271
    1230
    1275
    1224
    1255
    1272
    1269
    1270
    1286
    1313
    1338
    1302
    1339
    1475
    1594
    1671
    1812
    2070
    2398
    2909
    3371
    3751
    4423
    5068
    5373
    5551
    5640
    5413
    4889
    4170
    3606
    2799
    2208
    1804
    1432
    1286
    1160
    1127
     982
    1023
    1041
    1060
     992
    1006
     970
     979
    1003
    1006
     966
     992
    1009
    1008
     973
     963
     991
    1024
     935
     982
     910
    1019
     944
     937
     919
     901
     941
     952
     923
     939
     929
     900
     909
     919
     956
     936
     947
     920
     957
     937
     937
     934
     956
     926
     982
     942
     867
     915
     905
     885
     905
     964
     884
     939
     943
     876
     914
     901
     911
     895
     889
     905
     850
     879
     897
     879
     811
     861
     893
     901
     884
     901
     905
     909
     910
     917
     942
     905
     981
     891
     896
     919
     924
     923
     864
     934
     930
     912
     926
     932
     866
     858
     958
     935
     916
     935
     881
     890
     855
     898
     940
     909
     862
     882
     881
     897
     918
     915
     918
     890
     907
     911
     869
     919
     865
     866
     860
     882
     953
     892
     944
     882
     947
     921
     935
     859
     890
     845
     862
     853
     847
     842
     829
     885
     913
     896
     839
     889
     978
     831
     860
     895
     844
     893
     839
     841
     869
     905
     859
     839
     835
     900
     860
     903
     867
     881
     914
     869
     871
     896
     924
     872
     861
     926
     881
     881
     841
     828
     877
     857
     875
     843
     877
     837
     863
     866
     871
     828
     843
     854
     827
     868
     893
     889
     900
     879
     866
     877
     906
     849
     898
     903
     881
     876
     917
     967
    1029
    1055
    1018
    1065
    1081
    1026
    1013
    1059
    1021
     981
     931
     935
     897
     865
     906
     809
     868
     820
     883
     793
     851
     874
     835
     855
     912
     772
     834
     851
     846
     824
     802
     791
     851
     795
     822
     822
     874
     825
     835
     874
     857
     860
     882
     839
     850
     747
     853
     864
     827
     805
     830
     826
     820
     793
     795
     818
     826
     848
     868
     786
     802
     832
     793
     829
     770
     793
     852
     852
     814
     856
     827
     792
     804
     853
     835
     831
     843
     787
     793
     849
     794
     831
     853
     856
     801
     856
     801
     795
     829
     859
     800
     862
     848
     812
     832
     845
     830
     816
     801
     820
     793
     806
     832
     849
     855
     852
     829
     798
     816
     837
     821
     849
     763
     861
     768
     827
     809
     814
     827
     804
     842
     826
     806
     796
     816
     808
     797
     809
     800
     821
     847
     793
     797
     766
     815
     803
     827
     792
     798
     799
     808
     770
     818
     821
     830
     780
     830
     817
     806
     837
     807
     811
     824
     802
     787
     772
     839
     839
     821
     811
     805
     810
     790
     768
     809
     758
     796
     820
     817
     814
     894
     798
     734
     819
     792
     768
     802
     810
     823
     840
     815
     822
     808
     771
     759
     784
     862
     791
     795
     785
     776
     805
     833
     778
     819
     780
     769
     779
     765
     783
     782
     831
     806
     846
     778
     827
     755
     784
     793
     810
     795
     848
     842
     769
     749
     799
     773
     783
     805
     811
     830
     808
     797
     826
     747
     797
     811
     816
     787
     797
     852
     759
     795
     790
     824
     805
     788
     793
     794
     769
     777
     742
     806
     771
     807
     747
     763
     825
     802
     738
     806
     844
     824
     810
     844
     848
     773
     775
     808
     790
     776
     752
     802
     762
     817
     754
     773
     705
     823
     786
     785
     791
     833
     779
     765
     799
     768
     776
     767
     853
     796
     811
     761
     784
     781
     829
     793
     795
     826
     811
     779
     798
     771
     769
     775
     792
     735
     814
     756
     821
     788
     794
     768
     813
     773
     787
     832
     803
     807
     784
     819
     852
     816
     774
     804
     823
     801
     857
     738
     837
     847
     821
     836
     813
     786
     820
     812
     802
     789
     840
     803
     790
     810
     847
     797
     814
     798
     816
     829
     861
     786
     829
     806
     821
     815
     828
     803
     847
     829
     762
     828
     832
     829
     781
     805
     811
     834
     877
     759
     806
     831
     780
     838
     824
     815
     815
     806
     861
     811
     818
     818
     839
     794
     855
     810
     841
     793
     843
     810
     856
     794
     854
     832
     861
     823
     836
     819
     810
     850
     824
     865
     804
     832
     814
     815
     856
     817
     868
     843
     862
     863
     828
     862
     884
     848
     887
     870
     905
     969
     945
     967
    1111
    1070
    1211
    1371
    1500
    1648
    1873
    2099
    2571
    2760
    3082
    3332
    3461
    3487
    3315
    3045
    2794
    2346
    2015
    1787
    1428
    1224
    1143
    1013
     958
     949
    1061
    1036
    1102
    1097
    1182
    1284
    1232
    1271
    1239
    1267
    1141
    1109
    1062
     933
     898
     919
     852
     859
     826
     859
     816
     905
     780
     834
     843
     785
     774
     810
     794
     842
     848
     846
     838
     839
     818
     807
     863
     864
     804
     852
     863
     795
     847
     838
     838
     894
     855
     819
     845
     869
     831
     859
     867
     794
     859
     845
     866
     860
     818
     841
     858
     817
     839
     789
     853
     859
     767
     836
     834
     823
     844
     852
     855
     877
     846
     871
     892
     841
     867
     882
     899
     816
     839
     857
     874
     882
     857
     923
     867
     882
     917
     840
     849
     830
     875
     901
     907
     860
     908
     918
     918
     903
     926
     952
     898
     999
     991
    1042
    1042
    1123
    1155
    1223
    1335
    1467
    1665
    1887
    2236
    2570
    2944
    3331
    3693
    4011
    4146
    4106
    4094
    3786
    3504
    2945
    2481
    2025
    1727
    1383
    1062
    1056
     897
     888
     767
     806
     811
     798
     736
     790
     761
     775
     749
     731
     756
     716
     727
     724
     763
     728
     660
     731
     704
     680
     628
     668
     677
     694
     668
     714
     665
     668
     655
     664
     617
     653
     649
     674
     652
     643
     656
     618
     613
     616
     622
     579
     626
     623
     598
     617
     593
     612
     608
     642
     612
     570
     600
     568
     570
     603
     608
     568
     578
     595
     564
     589
     535
     569
     605
     589
     612
     591
     594
     544
     583
     610
     608
     594
     564
     572
     558
     514
     556
     506
     561
     583
     591
     557
     541
     560
     578
     586
     569
     584
     581
     547
     592
     532
     578
     587
     609
     613
     575
     607
     589
     568
     571
     527
     570
     554
     563
     516
     593
     557
     540
     516
     537
     562
     546
     572
     538
     496
     567
     563
     529
     570
     537
     546
     528
     522
     510
     524
     550
     524
     521
     539
     516
     518
     507
     546
     507
     500
     556
     539
     548
     554
     531
     551
     517
     525
     541
     532
     477
     541
     543
     510
     554
     555
     534
     522
     512
     571
     559
     572
     542
     544
     525
     524
     554
     558
     500
     493
     524
     535
     541
     536
     507
     538
     466
     565
     535
     536
     522
     533
     500
     510
     556
     528
     560
     510
     545
     540
     543
     496
     488
     503
     519
     536
     526
     547
     487
     534
     499
     547
     493
     498
     526
     542
     539
     563
     539
     473
     558
     585
     540
     522
     535
     531
     519
     564
     533
     503
     547
     500
     523
     516
     543
     529
     498
     531
     518
     548
     517
     555
     525
     564
     556
     518
     502
     524
     541
     525
     511
     517
     524
     498
     525
     544
     520
     525
     534
     529
     531
     522
     522
     501
     561
     522
     562
     544
     518
     521
     585
     550
     557
     592
     590
     606
     589
     543
     534
     631
     594
     607
     581
     583
     589
     580
     593
     598
     617
     622
     620
     661
     674
     683
     777
     794
     818
     957
     967
    1036
    1182
    1386
    1661
    1907
    2434
    2958
    3608
    4599
    5826
    7197
    8958
   10771
   13008
   14732
   16590
   17645
   17980
   17828
   16882
   14812
   12757
   10442
    8050
    5792
    4255
    2977
    1901
    1260
     876
     666
     575
     474
     442
     423
     409
     408
     365
     424
     399
     417
     380
     400
     430
     396
     362
     395
     389
     440
     375
     398
     392
     409
     390
     377
     378
     378
     392
     395
     357
     390
     392
     377
     378
     349
     387
     374
     401
     380
     390
     380
     390
     381
     384
     418
     387
     383
     375
     387
     405
     364
     338
     372
     395
     368
     361
     357
     375
     364
     345
     335
     347
     396
     336
     368
     387
     368
     365
     346
     320
     352
     322
     333
     376
     383
     356
     369
     319
     360
     308
     348
     356
     352
     302
     313
     302
     319
     342
     304
     307
     342
     338
     320
     322
     330
     335
     344
     355
     357
     382
     375
     402
     418
     395
     382
     395
     414
     410
     400
     402
     377
     352
     288
     306
     325
     301
     275
     270
     298
     271
     276
     265
     271
     270
     282
     298
     298
     252
     258
     273
     270
     264
     266
     266
     268
     269
     281
     267
     291
     264
     250
     249
     273
     272
     282
     258
     250
     258
     228
     270
     249
     242
     251
     274
     267
     249
     258
     268
     256
     296
     236
     246
     248
     233
     228
     239
     253
     255
     244
     254
     249
     251
     247
     287
     255
     250
     267
     247
     293
     262
     264
     238
     321
     287
     343
     334
     354
     419
     415
     435
     511
     524
     542
     515
     558
     541
     451
     430
     442
     365
     323
     325
     304
     258
     242
     262
     239
     209
     230
     199
     219
     230
     222
     243
     218
     229
     192
     227
     229
     199
     223
     211
     218
     250
     245
     243
     215
     212
     214
     244
     186
     217
     218
     217
     192
     210
     208
     223
     182
     210
     228
     204
     222
     217
     206
     199
     189
     197
     196
     255
     196
     171
     216
     222
     217
     185
     215
     188
     202
     217
     193
     233
     216
     198
     208
     236
     178
     200
     191
     215
     176
     219
     213
     190
     195
     196
     194
     190
     193
     208
     186
     189
     188
     165
     179
     173
     190
     184
     184
     179
     193
     193
     199
     200
     187
     181
     196
     194
     213
     182
     190
     178
     192
     224
     190
     199
     192
     184
     202
     174
     186
     199
     211
     197
     215
     146
     202
     184
     177
     173
     196
     224
     194
     217
     192
     196
     202
     173
     181
     198
     194
     159
     167
     196
     187
     167
     189
     192
     193
     189
     178
     197
     215
     202
     183
     180
     172
     174
     188
     160
     168
     179
     163
     148
     167
     176
     167
     185
     174
     170
     160
     174
     205
     153
     146
     150
     157
     175
     209
     159
     179
     155
     166
     165
     170
     156
     172
     179
     183
     186
     183
     183
     176
     176
     196
     204
     188
     198
     174
     185
     191
     177
     174
     192
     176
     161
     175
     161
     155
     174
     156
     149
     170
     158
     167
     176
     175
     153
     166
     179
     157
     164
     161
     133
     151
     157
     138
     149
     165
     148
     159
     145
     142
     144
     146
     145
     154
     145
     147
     145
     167
     136
     137
     149
     181
     130
     138
     162
     156
     178
     149
     133
     138
     179
     158
     116
     148
     151
     168
     141
     142
     136
     155
     159
     123
     148
     146
     138
     124
     140
     137
     145
     140
     148
     137
     140
     140
     154
     141
     124
     151
     117
     153
     142
     145
     159
     148
     128
     127
     121
     153
     134
     120
     126
     115
     138
     120
     132
     140
     121
     165
     139
     147
     149
     170
     141
     125
     113
     147
     138
     133
     156
     132
     156
     150
     168
     150
     164
     179
     176
     179
     187
     167
     215
     210
     196
     194
     156
     161
     143
     145
     152
     145
     123
     128
     124
     129
     122
     113
     111
     145
     143
     119
     137
     120
     132
     104
     111
     142
     160
     132
     125
     113
     130
     146
     119
     134
     138
     127
     151
     135
     143
     127
     121
     119
     123
     129
     137
     133
     134
     114
     165
     142
     122
     129
     121
     129
     120
     136
     119
     119
     124
     125
     135
     138
     132
     137
     129
     112
     151
     132
     141
     128
     124
     133
     133
     117
     113
     115
     132
     132
     128
     127
     145
     118
     136
     121
     118
     122
     125
     120
     139
     144
     143
     157
     144
     161
     131
     150
     132
     153
     146
     151
     130
     130
     153
     131
     115
     124
     126
     129
     114
     121
     130
     140
     138
     144
     142
     170
     164
     180
     203
     224
     233
     258
     318
     374
     404
     411
     446
     433
     453
     414
     402
     350
     315
     301
     249
     201
     194
     159
     130
     120
     128
     129
     137
     109
     128
     118
     139
     119
     142
     123
     118
     107
     131
     122
     110
     156
     135
     134
     124
     119
     115
     121
     116
     126
     127
     110
     138
     112
     118
     124
     125
     122
     131
     113
     139
     114
     110
     106
     123
     127
     124
     136
     136
     129
     122
     125
     107
     118
      95
     116
     129
     121
     104
     112
     103
     114
     130
     104
     106
     130
     113
     133
     140
     110
     129
     119
     127
     102
     114
     132
     131
     137
     120
     132
     137
     126
     140
     123
     125
     126
     148
     137
     130
     143
     132
     144
     106
     114
     116
     133
     130
     116
     138
     129
     111
     129
     118
     154
     151
     142
     145
     132
     139
     139
     140
     121
     156
     142
     152
     151
     156
     164
     168
     161
     180
     191
     220
     192
     200
     195
     211
     203
     192
     210
     171
     166
     185
     195
     178
     200
     202
     220
     249
     237
     249
     299
     288
     348
     348
     412
     466
     516
     594
     715
     751
     957
    1191
    1475
    1838
    2270
    2830
    3648
    4582
    5724
    6993
    8419
    9981
   11403
   12534
   13556
   14217
   14499
   13747
   13001
   11698
   10053
    8138
    6334
    4678
    3269
    2287
    1533
     872
     580
     322
     217
     127
     100
      65
      53
      43
      53
      49
      45
      46
      34
      43
      41
      42
      33
      49
      35
      42
      40
      35
      30
      48
      29
      33
      39
      38
      32
      34
      37
      54
      37
      45
      49
      40
      42
      37
      41
      30
      39
      36
      36
      30
      43
      29
      50
      31
      40
      39
      36
      38
      42
      40
      49
      41
      30
      30
      37
      41
      37
      36
      38
      42
      38
      39
      45
      40
      36
      39
      37
      45
      27
      24
      39
      45
      42
      45
      33
      44
      40
      42
      42
      31
      31
      34
      32
      45
      41
      45
      38
      38
      30
      29
      33
      33
      42
      38
      31
      39
      48
      58
      31
      42
      42
      40
      47
      42
      45
      46
      48
      68
      71
      81
      73
      94
     108
      81
     132
     135
     128
     137
     136
     131
     137
     118
     108
      91
      84
      65
      63
      57
      48
      50
      43
      38
      38
      32
      33
      35
      40
      41
      35
      39
      29
      37
      47
      35
      45
      43
      44
      38
      28
      44
      35
      31
      21
      39
      24
      37
      33
      34
      39
      38
      33
      31
      40
      45
      32
      41
      40
      39
      29
      37
      40
      36
      28
      36
      38
      34
      36
      30
      38
      25
      36
      41
      24
      31
      47
      29
      42
      43
      30
      26
      31
      36
      37
      42
      41
      22
      46
      37
      37
      31
      35
      34
      50
      39
      32
      37
      55
      36
      32
      43
      40
      46
      41
      41
      41
      40
      57
      37
      48
      44
      33
      41
      47
      42
      46
      37
      39
      31
      39
      44
      37
      39
      35
      43
      31
      36
      43
      37
      35
      37
      37
      34
      43
      37
      39
      27
      32
      31
      39
      37
      33
      39
      36
      33
      36
      42
      43
      34
      32
      30
      41
      40
      41
      40
      55
      31
      40
      34
      39
      35
      40
      31
      38
      39
      29
      40
      36
      50
      37
      38
      38
      32
      39
      36
      38
      32
      39
      47
      38
      40
      43
      34
      39
      32
      39
      40
      40
      41
      45
      29
      40
      36
      44
      35
      34
      40
      33
      45
      46
      53
      56
      45
      38
      34
      50
      34
      63
      36
      53
      55
      42
      47
      41
      46
      54
      54
      66
      55
      46
      44
      63
      57
      62
      64
      58
      57
      51
      65
      62
      69
      54
      56
      66
      58
      42
      61
      60
      72
      79
      83
      91
      85
      85
     107
     141
     138
     143
     161
     190
     236
     297
     380
     407
     501
     717
     862
     989
    1211
    1555
    1799
    2180
    2471
    2922
    3171
    3448
    3646
    3586
    3493
    3326
    2852
    2562
    2124
    1637
    1189
     948
     615
     403
     241
     177
      97
      63
      48
      28
      25
      16
      23
      15
      12
      18
      15
      23
      22
      20
      20
      25
      23
      13
      12
      14
      12
      24
      18
      13
      21
      10
      14
      15
      14
      15
      27
      14
      12
      12
      18
      23
      19
      15
      19
      15
      15
      16
      10
      16
      18
      20
      17
      17
      25
      15
      11
      12
      20
      16
      14
      15
      15
      20
      21
      13
      23
      14
      11
      24
      17
      19
      20
      15
      22
      13
      16
      23
      14
      19
      12
      20
      17
      20
      14
      15
      16
      24
      25
      23
      19
      14
      25
      18
      18
      20
      18
      13
      15
      22
      20
      19
      16
      15
      18
      16
      16
      15
      22
      17
      15
      16
      25
      31
      13
      24
      23
      25
      19
      17
      14
      19
      25
      30
      28
      23
      25
      24
      37
      28
      41
      37
      42
      49
      46
      44
      39
      32
      34
      31
      31
      22
      36
      20
      18
      22
      13
      25
      23
      12
      16
      13
      20
      13
      11
      19
      18
      14
       9
      14
      17
      15
      17
      14
       8
      15
      25
      15
      11
       9
      25
      16
      15
      20
      15
      21
      12
      16
      17
      20
      16
      16
      19
       9
      18
      16
      19
      13
      16
      16
      15
      24
      20
      20
      15
      13
      24
      21
      19
      17
      20
      24
      15
      18
      22
      19
      16
      20
      14
      22
      19
      24
      15
      18
      13
      18
      23
      14
      22
      21
      25
      25
      22
      18
      15
      21
      19
      25
      24
      12
      24
      28
      27
      22
      29
      25
      32
      33
      34
      34
      39
      50
      61
      58
      71
      71
      85
      95
     112
     111
      88
     118
     114
     128
     130
     121
     146
     141
     152
     173
     170
     204
     228
     217
     271
     291
     287
     278
     290
     260
     237
     211
     193
     140
      99
      87
      53
      46
      35
      30
      21
      15
      15
       8
      15
      13
      19
      14
      10
      15
      11
       7
      15
       9
      12
      12
      16
      16
       9
      10
      10
      11
      12
      10
      14
      13
       9
      10
      14
      11
      17
      11
      13
      14
      25
      14
       8
      13
      13
      11
       5
      10
      11
      17
      13
      12
      10
      17
      13
      16
       4
      15
       8
      11
      11
       9
       8
      10
      12
      10
      12
      10
      15
      10
      14
      12
      11
      11
      13
      12
      13
      13
      11
      13
       8
      10
      16
       8
       6
      16
       5
      13
      11
      13
      11
      14
      15
      17
       9
       9
      14
      13
      11
      15
      17
       9
      11
      16
      14
       9
      14
      15
      11
       8
      16
      19
      17
      12
      12
      12
       9
      15
       9
      14
      13
      18
      12
      16
      16
       8
      12
      15
      10
       9
      13
      12
      11
      14
       9
      17
      17
      17
      11
      10
      14
      14
       8
      14
      12
      14
      15
      12
       6
      14
      11
      14
      10
      17
      10
      16
      21
       8
      13
      16
      11
      13
      15
       8
      15
       8
      14
      18
      22
       6
      16
      19
      12
      20
      12
      12
      21
      20
      12
       9
       9
      18
      19
      16
      19
       8
      10
      13
      12
      10
      15
       9
      10
      10
      15
      11
       7
      15
      19
      15
      12
      15
       8
       8
      13
      18
      23
      15
      14
       9
      15
      13
      15
      15
      10
      15
       9
      15
      13
      14
      12
      11
      19
       7
      12
       9
      11
      13
       7
       7
      19
      17
       8
      13
      13
      14
      12
      10
      21
      10
       5
      20
      13
      16
      13
      19
      23
      19
      10
      15
      15
      13
      18
      10
      17
      16
      16
      13
      15
      10
      16
      10
      20
       6
      17
      19
      13
       8
      11
      14
      16
      12
      12
       9
      12
      17
       3
      11
      10
      17
       7
      12
      10
      15
      20
      15
       6
      20
      13
      11
       5
      11
      13
      11
       6
       9
      10
      21
      12
      12
       9
       7
      10
      17
      15
      10
       6
      19
      12
       9
      17
      11
      11
       9
      11
      10
      12
      11
      12
      14
      10
      15
      11
       9
      22
      10
      15
      14
      20
      14
      16
      21
      22
      26
      21
      28
      49
      38
      46
      54
      59
      57
      47
      53
      35
      42
      33
      32
      30
      23
      16
      12
      19
       8
       9
       7
      11
      13
      15
      13
       9
      11
       6
      13
      14
      10
       9
       9
      16
      18
       9
       4
      17
      13
      14
       8
       8
       9
      12
      11
       8
      11
      17
       9
      13
       9
      11
      11
      11
       9
       7
      18
      10
      10
      13
      17
      13
       7
      12
      10
       7
      12
      11
      13
      19
      16
      11
      14
      14
      16
      13
       9
      16
      13
       9
       9
      17
      12
      10
      14
       7
      16
       9
      10
      10
       9
       6
      11
      12
      10
      11
      12
      12
       9
       9
       9
      13
      10
       6
      13
       3
      12
      14
       6
      17
      10
      14
      18
      12
      12
      13
       8
      11
      10
      10
       9
       4
       7
      12
       6
      11
      12
       7
      10
      16
      10
      10
      10
       9
      15
      11
      15
       9
      13
       0
       0
       0
       0
       0
       0
       0
       0
       0
       0
       0
       0
       0
       0
       0
       0
       0
       0
       0
       0
       0
       0
       0
       0
       0
       0
       0
       0
       0
       0
       0
       0
       0
       0
       0
       0
       0
       0
       0
       0
       0
       0
       0
       0
       0
       0
       0
       0
       0
       0
       0
       0
       0
       0
       0
       0
       0
       0
       0
       0
       0
       0
       0
       0
       0
       0
       0
       0
       0
       0
       0
       0
       0
       0
       0
       0
       0
       0
       0
       0
       0
       0
       0
       0
       0
       0
       0
       0
       0
       0
       0
       0
       0
       0
       0
       0
       0
       0
       0
       0
       0
       0
       0
       0
       0
       0
       0
       0
       0
       0
       0
       0
       0
       0
       0
       0
       0
       0
       0
       0
       0
       0
       0
       0
       0
       0
       0
       0
$ROI:
5
1136 1208
1715 1732
2078 2156
4141 4177
6866 6973
$PRESETS:
None
0
0
$ENER_FIT:
-0.280452 0.195172
$MCA_CAL:
3
-2.804519E-001 1.951716E-001 2.589477E-009 keV
$SHAPE_CAL:
3
0.000000E+000 0.000000E+000 0.000000E+000
