661.657 keV Photopeak

Net Area:
412008.0299471159 +/- 1813.4882656583861

Fit:
49972.02948912003 3435.3164286188485 3.289188465851492 3.119639924017414 1504.083040283122 -159820.42477443858 139.42796230335085 -0.04054402420259757 3.9297343611208355e-06 

Covariance Matrix:
37294.85565816522 -1.1904904158665695 -0.07121903029307206 -4.5856715738397344 30637.83080605497 -1221615.81573108 1066.9439581593865 -0.31061499140863075 3.0142137090801263e-05 
-1.1904904158665695 0.00010976731138246054 -4.100781170299728e-05 0.00016465679253273714 -6.401259688946918 49.31222662705323 -0.043028965086926586 1.2515763386002628e-05 -1.2134661519256801e-09 
-0.07121903029307206 -4.100781170299728e-05 5.4590250011713654e-05 6.220722115371701e-06 4.926806079379882 -25.461867618623145 0.022268022597774707 -6.491954259353961e-06 6.308804254875567e-10 
-4.5856715738397344 0.00016465679253273714 6.220722115371701e-06 0.0006503782005417157 -4.09745106680821 162.7973482892777 -0.14215105481721735 4.13738845640964e-05 -4.013959188179063e-09 
30637.83080605497 -6.401259688946918 4.926806079379882 -4.09745106680821 191042109.83548525 -4313582.502104552 3665.9926173246067 -1.0565672462082434 0.00010194728529532976 
-1221615.81573108 49.31222662705323 -25.461867618623145 162.7973482892777 -4313582.502104552 302279540.9841494 -264363.5889868152 77.06692144353602 -0.00748869382994193 
1066.9439581593865 -0.043028965086926586 0.022268022597774707 -0.14215105481721735 3665.9926173246067 -264363.5889868152 231.2044810979977 -0.06740067930553843 6.549437105785987e-06 
-0.31061499140863075 1.2515763386002628e-05 -6.491954259353961e-06 4.13738845640964e-05 -1.0565672462082434 77.06692144353602 -0.06740067930553843 1.9648704834922993e-05 -1.9093047494512627e-09 
3.0142137090801263e-05 -1.2134661519256801e-09 6.308804254875567e-10 -4.013959188179063e-09 0.00010194728529532976 -0.00748869382994193 6.549437105785987e-06 -1.9093047494512627e-09 1.855317303040116e-13 
