244.6974 keV Photopeak

Net Area:
91513.38517514769 +/- 13450.094312131456

Fit:
7181.537214500565 1239.1547726315403 2.2981827004360227 1.6232640077797909 638.8140514492837 1251.2541378315748 2.083840996158211 0.21252689553553095 15919.403580598404 1270.8248858392449 2.2933370828994177 2.03665736398013 2365.999847038049 -7343.906320496201 17.498870740657576 -0.013882496402611398 3.6682150529852897e-06 

Covariance Matrix:
229117.97954003792 -44.47873396721047 12.52963109456044 -261.8270692565525 -13274.568483768333 14.004104801288248 -88.52972966060032 -14.444108764753105 554303.0933831842 -50.67496716162227 22.6509223083046 -251.08906488359023 275066.4683127086 -35625.12245634733 60.798587183868335 -0.029492755329433136 2.8197011531487637e-06 
-44.47873396721047 0.00939141893509673 -0.002499275123990478 0.051283802895309726 3.762491413695157 -0.0033774165132030545 0.01958933240891345 0.00294325070353635 -118.91492091587999 0.010867126424152957 -0.004824217505460862 0.054495741533961924 -44.66530941875295 26.133791665503463 -0.05696593257287576 4.1066726921442144e-05 -9.759512309341421e-09 
12.52963109456044 -0.002499275123990478 0.0014980919147590905 -0.013584212648093242 -0.27290867201889313 0.0006142553009018043 -0.0016189150665794796 -0.0006765366517313986 14.96184578196664 -0.001356096884761124 0.0006149378659225908 -0.006790181641633113 16.75899341970617 13.546089255351474 -0.032829154958490314 2.6479282451622934e-05 -7.115061297616337e-09 
-261.8270692565525 0.051283802895309726 -0.013584212648093242 0.3264670232333443 23.413251473727794 -0.015251141338298902 0.11602288353011095 0.01897851838391475 -737.2730925277979 0.06728786732475588 -0.02984412896900697 0.33743539944366835 -394.90492043009965 0.9323641135493277 0.03190128581621047 -5.192654906702802e-05 2.0796108194707117e-08 
-13274.568483768333 3.762491413695157 -0.27290867201889313 23.413251473727794 14413.3621054455 -0.4191092664619883 11.443936421210303 -0.2317523643551591 -92367.8878860159 8.242572297868893 -3.3128972289015226 47.331250884074024 -29285.163001174704 22279.753740203934 -46.96124436671016 0.03243639348126557 -7.291684624256976e-06 
14.004104801288248 -0.0033774165132030545 0.0006142553009018043 -0.015251141338298902 -0.4191092664619883 0.04243616827456676 -0.018489400198499206 0.005876457150340104 38.282699734148245 -0.0034121701163515985 0.0017280876089896548 -0.01595702668495742 -6.635394361070725 -143.15849183886772 0.3400225899641593 -0.00026911441546646075 7.097796536328426e-08 
-88.52972966060032 0.01958933240891345 -0.0016189150665794796 0.11602288353011095 11.443936421210303 -0.018489400198499206 0.11587079146025306 0.004394241973463233 -430.14538922240234 0.0394670657045629 -0.01703467653620077 0.19836493277007505 -161.10795237942233 127.82870876889167 -0.2816750286969612 0.00020562644293844508 -4.962019958885787e-08 
-14.444108764753105 0.00294325070353635 -0.0006765366517313986 0.01897851838391475 -0.2317523643551591 0.005876457150340104 0.004394241973463233 0.031869042240120646 -50.51788122336923 0.004685680118275763 -0.0019639962454949013 0.02346185689537989 -42.33319876577156 15.321840265942773 -0.0339176945178343 2.494202586030805e-05 -6.074766540922538e-09 
554303.0933831842 -118.91492091587999 14.96184578196664 -737.2730925277979 -92367.8878860159 38.282699734148245 -430.14538922240234 -50.51788122336923 3026263.8225251692 -276.96211955800635 119.84624930170162 -1399.5949744025236 1321381.0162253347 1411967.4806593098 -3517.830072035377 2.9138140953572407 -0.0008030605445028386 
-50.67496716162227 0.010867126424152957 -0.001356096884761124 0.06728786732475588 8.242572297868893 -0.0034121701163515985 0.0394670657045629 0.004685680118275763 -276.96211955800635 0.02551086565906746 -0.011026503784267243 0.12797528760758164 -123.40309507947134 -135.5821275684638 0.33714430606523826 -0.00027876384760081003 7.670293803032745e-08 
22.6509223083046 -0.004824217505460862 0.0006149378659225908 -0.02984412896900697 -3.3128972289015226 0.0017280876089896548 -0.01703467653620077 -0.0019639962454949013 119.84624930170162 -0.011026503784267243 0.004919421371542636 -0.055203786074112256 51.75388355946547 43.79456465389941 -0.11023082243139352 9.214209353183374e-05 -2.5608090713503847e-08 
-251.08906488359023 0.054495741533961924 -0.006790181641633113 0.33743539944366835 47.331250884074024 -0.01595702668495742 0.19836493277007505 0.02346185689537989 -1399.5949744025236 0.12797528760758164 -0.055203786074112256 0.6522397940402603 -614.3248130885281 -663.17965363627 1.6519789865898866 -0.0013681203246129383 3.770067099523446e-07 
275066.4683127086 -44.66530941875295 16.75899341970617 -394.90492043009965 -29285.163001174704 -6.635394361070725 -161.10795237942233 -42.33319876577156 1321381.0162253347 -123.40309507947134 51.75388355946547 -614.3248130885281 13357262.930438574 3423609.438525792 -8289.817790039695 6.661708561975816 -0.0017822261323404203 
-35625.12245634733 26.133791665503463 13.546089255351474 0.9323641135493277 22279.753740203934 -143.15849183886772 127.82870876889167 15.321840265942773 1411967.4806593098 -135.5821275684638 43.79456465389941 -663.17965363627 3423609.438525792 15649168.365145694 -37462.55474907413 29.881116224183046 -0.007942645816385905 
60.798587183868335 -0.05696593257287576 -0.032829154958490314 0.03190128581621047 -46.96124436671016 0.3400225899641593 -0.2816750286969612 -0.0339176945178343 -3517.830072035377 0.33714430606523826 -0.11023082243139352 1.6519789865898866 -8289.817790039695 -37462.55474907413 89.68973514299104 -0.07154515892115215 1.901894462904886e-05 
-0.029492755329433136 4.1066726921442144e-05 2.6479282451622934e-05 -5.192654906702802e-05 0.03243639348126557 -0.00026911441546646075 0.00020562644293844508 2.494202586030805e-05 2.9138140953572407 -0.00027876384760081003 9.214209353183374e-05 -0.0013681203246129383 6.661708561975816 29.881116224183046 -0.07154515892115215 5.7076206034986165e-05 -1.5173940592467116e-08 
2.8197011531487637e-06 -9.759512309341421e-09 -7.115061297616337e-09 2.0796108194707117e-08 -7.291684624256976e-06 7.097796536328426e-08 -4.962019958885787e-08 -6.074766540922538e-09 -0.0008030605445028386 7.670293803032745e-08 -2.5608090713503847e-08 3.770067099523446e-07 -0.0017822261323404203 -0.007942645816385905 1.901894462904886e-05 -1.5173940592467116e-08 4.0343966031092495e-12 
