302.0129 keV Photopeak

Fit:
29904.094285043557 1572.612740626616 2.4801711691661112 1.8674504871761808 0.06119367328602024 -246346.00282536534 469.2229601219095 -0.29788975934831985 6.303467329148476e-05 

Covariance Matrix:
95858.03793107404 -5.750733780691874 2.2893247675598847 -14.297171391178212 -258867.8711475635 -10937601.944855543 20837.96029069767 -13.232520602886899 0.002800856744026213 
-5.750733780691874 0.0004213624447719937 -0.00016426321391298463 0.0009167984320590154 24.81401093879803 627.8781128249323 -1.1958886524097896 0.000759196202325853 -1.606483406167049e-07 
2.2893247675598847 -0.00016426321391298463 0.0001243272835960666 -0.000361917315181115 0.8995901357437477 -281.1982475079257 0.5363201779500056 -0.0003409580328717792 7.225071612588006e-08 
-14.297171391178212 0.0009167984320590154 -0.000361917315181115 0.002293593600895662 23.847224381894517 1816.682403135649 -3.460259920276849 0.002196829203478504 -4.6488495561776267e-07 
-258867.8711475635 24.81401093879803 0.8995901357437477 23.847224381894517 1623166048.7021303 -80635348.03839213 149886.95454429262 -94.47379473186851 0.019935285929186263 
-10937601.944855543 627.8781128249323 -281.1982475079257 1816.682403135649 -80635348.03839213 2975849290.3480353 -5671670.546926571 3603.1802549515023 -0.7630070012546392 
20837.96029069767 -1.1958886524097896 0.5363201779500056 -3.460259920276849 149886.95454429262 -5671670.546926571 10809.683340011405 -6.867357174034122 0.0014542322876224558 
-13.232520602886899 0.000759196202325853 -0.0003409580328717792 0.002196829203478504 -94.47379473186851 3603.1802549515023 -6.867357174034122 0.004362826055449388 -9.238758784583587e-07 
0.002800856744026213 -1.606483406167049e-07 7.225071612588006e-08 -4.6488495561776267e-07 0.019935285929186263 -0.7630070012546392 0.0014542322876224558 -9.238758784583587e-07 1.9564147871917825e-10 
